6
Reston
Sudan
TaiForest
Zaire
Bundibugyo
Marburg
0 6793 6791 6703 6807 8932 
6793 0 6813 6745 6823 8995 
6791 6813 0 6214 5540 9053 
6703 6745 6214 0 6256 8991 
6807 6823 5540 6256 0 9072 
8932 8995 9053 8991 9072 0 
